NUM_TRUSTED     = 10
NUM_ATTACKER    = 4
DIFFICULTY   	= 0.0000001
CONFIRMATIONS   = 3
RUNS            = 100
EPSILON      	= 0.0000001