NUM_TRUSTED     = 10
NUM_ATTACKER    = 3
DIFFICULTY   	= 0.0000001
CONFIRMATIONS   = 6
RUNS            = 100
EPSILON      	= 0.0000001